20170901	21024	21024
20170902	25500	24957
20170903	20873	20071
20170904	19560	18636
20170905	22842	21577
20170906	19283	16731
20170907	25053	19808
20170908	19647	15877
20170909	19280	15632
20170910	21532	17144
20170911	20230	16124
20170917	23185	17215
20170918	19283	15154
20170919	15114	11848
20170920	20298	15697
20170921	24392	17414
20170922	26101	17595
20170923	20977	15497
20170924	19848	14656
20170925	19394	14971
20170926	26029	16913
20170927	23792	16024
20170928	19540	14770
20170929	18450	14068
20170930	20969	14012
