20170901	1167	1167
20170902	0	    0
20170903	1	    0
20170904	1	    0
20170905	0	    0
20170906	7388	7387
20170907	1379	1377
20170908	1072	1071
20170909	0	    0
20170910	1	    0
20170911	1	    0
20170912	1	    0
20170913	2868	2712
20170914	1	    0
20170915	1	    0
20170916	0	    0
20170917	1	    0
20170918	1	    0
20170919	3	    2
20170920	3052	2807
20170921	1527	1526
20170922	0	    0
20170923	0	    0
20170924	1	    0
20170925	1	    0
20170926	0	    0
20170927	3078	2725
20170928	0	    0
20170929	6397	6395
20170930	0	    0
